0.000000000000000000e+00 1.014778991915145090e+00
3.339736809433093735e-03 1.014772515251951335e+00
6.679473618866187470e-03 1.014727368074304970e+00
1.001921042829928034e-02 1.015131912141476134e+00
1.335894723773237494e-02 1.015331464722043053e+00
1.669868404716546781e-02 1.015692832273080715e+00
2.003842085659856068e-02 1.016042132003634579e+00
2.337815766603165354e-02 1.016559165214823812e+00
2.671789447546474988e-02 1.016723505804471905e+00
3.005763128489783928e-02 1.016863547752950847e+00
3.339736809433093562e-02 1.017193932052052441e+00
3.673710490376402849e-02 1.017263555081091120e+00
4.007684171319712135e-02 1.017377999222394358e+00
4.341657852263021422e-02 1.017499329952093357e+00
4.675631533206330709e-02 1.017835703660856961e+00
5.009605214149639996e-02 1.017708590097516463e+00
5.343578895092949976e-02 1.017973545555756365e+00
5.677552576036259263e-02 1.018179420128609403e+00
6.011526256979567856e-02 1.018427018766050018e+00
6.345499937922877143e-02 1.018553074863221886e+00
6.679473618866187123e-02 1.018670025272904178e+00
7.013447299809497104e-02 1.018555864547062928e+00
7.347420980752805697e-02 1.018644063813345824e+00
7.681394661696114290e-02 1.018592061252769021e+00
8.015368342639424271e-02 1.018685055670337070e+00
8.349342023582734251e-02 1.018493337451287006e+00
8.683315704526042844e-02 1.018773672694251564e+00
9.017289385469352825e-02 1.018753792637976607e+00
9.351263066412661418e-02 1.018696005777879110e+00
9.685236747355971398e-02 1.018824279308319092e+00
1.001921042829927999e-01 1.018899303895455910e+00
1.035318410924258997e-01 1.018947290238879866e+00
1.068715779018589995e-01 1.018776143822714531e+00
1.102113147112920855e-01 1.018614958633076162e+00
1.135510515207251853e-01 1.018661663911053061e+00
1.168907883301582851e-01 1.018541951045811800e+00
1.202305251395913571e-01 1.018165610661016407e+00
1.235702619490244569e-01 1.018235798194029540e+00
1.269099987584575429e-01 1.018019690169944313e+00
1.302497355678906565e-01 1.017908684561185773e+00
1.335894723773237425e-01 1.017640051440657833e+00
1.369292091867568284e-01 1.017742559865668861e+00
1.402689459961899421e-01 1.017379636064581927e+00
1.436086828056230003e-01 1.017358443953774172e+00
1.469484196150561139e-01 1.017067035039265877e+00
1.502881564244891999e-01 1.016843478988718186e+00
1.536278932339222858e-01 1.016804262443825158e+00
1.569676300433553995e-01 1.016478135779097292e+00
1.603073668527884854e-01 1.016316595531645328e+00
1.636471036622215991e-01 1.015872474028685302e+00
1.669868404716546850e-01 1.015891676803804877e+00
1.703265772810877432e-01 1.015406723375673614e+00
1.736663140905208569e-01 1.015158945863897211e+00
1.770060508999539428e-01 1.014762280143310047e+00
1.803457877093870565e-01 1.014567035053848043e+00
1.836855245188201424e-01 1.014246993594699386e+00
1.870252613282532284e-01 1.014092526994309962e+00
1.903649981376863420e-01 1.013923104885405158e+00
1.937047349471194280e-01 1.013633517203507584e+00
1.970444717565525139e-01 1.013156484026427773e+00
2.003842085659855998e-01 1.012753679945662233e+00
2.037239453754186858e-01 1.012409672824614582e+00
2.070636821848517994e-01 1.011748994162323223e+00
2.104034189942848854e-01 1.011284628004397890e+00
2.137431558037179991e-01 1.010897382397518030e+00
2.170828926131510850e-01 1.010620096215495423e+00
2.204226294225841709e-01 1.010474011961337792e+00
2.237623662320172846e-01 1.010236753481570826e+00
2.271021030414503705e-01 1.009982860088348477e+00
2.304418398508834565e-01 1.009456595527791434e+00
2.337815766603165701e-01 1.008922612872616975e+00
2.371213134697496283e-01 1.008330626147133868e+00
2.404610502791827142e-01 1.007598908381028613e+00
2.438007870886158002e-01 1.007391350459208468e+00
2.471405238980489139e-01 1.006852482204084076e+00
2.504802607074820275e-01 1.006535041750522996e+00
2.538199975169150857e-01 1.006235639983360963e+00
2.571597343263481994e-01 1.005984826568971702e+00
2.604994711357813131e-01 1.005688749322103837e+00
2.638392079452143713e-01 1.005376588021005935e+00
2.671789447546474849e-01 1.004783585929033940e+00
2.705186815640805986e-01 1.004398672952564464e+00
2.738584183735136568e-01 1.003986430906616434e+00
2.771981551829467705e-01 1.003388517011295722e+00
2.805378919923798842e-01 1.003002471568291698e+00
2.838776288018129423e-01 1.002645687575925759e+00
2.872173656112460005e-01 1.002153034057092329e+00
2.905571024206791142e-01 1.001617714501263912e+00
2.938968392301122279e-01 1.001239505437043320e+00
2.972365760395452861e-01 1.000832968113715138e+00
3.005763128489783997e-01 1.000305161819801780e+00
3.039160496584115134e-01 9.999446581710468296e-01
3.072557864678445716e-01 9.994697690010070357e-01
3.105955232772776853e-01 9.990634438210883594e-01
3.139352600867107990e-01 9.985032900519993371e-01
3.172749968961438571e-01 9.981266399761578034e-01
3.206147337055769708e-01 9.977582019788248102e-01
3.239544705150100845e-01 9.973945926342692170e-01
3.272942073244431982e-01 9.968272871799297441e-01
3.306339441338762564e-01 9.964581510295038580e-01
3.339736809433093701e-01 9.960496837058953057e-01
3.373134177527424837e-01 9.958192667829881550e-01
3.406531545621754864e-01 9.954796992895895702e-01
3.439928913716086001e-01 9.950431601421253491e-01
3.473326281810417138e-01 9.946675696204193562e-01
3.506723649904748275e-01 9.942679860375144285e-01
3.540121017999078856e-01 9.935613777659354495e-01
3.573518386093409993e-01 9.934017663555485544e-01
3.606915754187741130e-01 9.930974011835844717e-01
3.640313122282071712e-01 9.929382912814617157e-01
3.673710490376402849e-01 9.917470317866120544e-01
3.707107858470733985e-01 9.891935570819957446e-01
3.740505226565064567e-01 9.856995183488597156e-01
3.773902594659395704e-01 9.811049923300743103e-01
3.807299962753726841e-01 9.758638185737407156e-01
3.840697330848057423e-01 9.700168834200927348e-01
3.874094698942388559e-01 9.636021584003895413e-01
3.907492067036719696e-01 9.564053247460221341e-01
3.940889435131050278e-01 9.490663903253572231e-01
3.974286803225380860e-01 9.408859003961613787e-01
4.007684171319711997e-01 9.326078951358794944e-01
4.041081539414043133e-01 9.235497707767146292e-01
4.074478907508373715e-01 9.140828714288514734e-01
4.107876275602704852e-01 9.043346692662720399e-01
4.141273643697035989e-01 8.941049143276383893e-01
4.174671011791366571e-01 8.835518478273270970e-01
4.208068379885697707e-01 8.729976253076032755e-01
4.241465747980028844e-01 8.617240628310008921e-01
4.274863116074359981e-01 8.503589301465828143e-01
4.308260484168690563e-01 8.389680197364405290e-01
4.341657852263021700e-01 8.272310777434280782e-01
4.375055220357352836e-01 8.150638683982517341e-01
4.408452588451683418e-01 8.030159929851153899e-01
4.441849956546014555e-01 7.910827961536722741e-01
4.475247324640345692e-01 7.789924280685290858e-01
4.508644692734676274e-01 7.669330100928034577e-01
4.542042060829007410e-01 7.547757558200670625e-01
4.575439428923338547e-01 7.428239692341197520e-01
4.608836797017669129e-01 7.313108607731034772e-01
4.642234165112000266e-01 7.200021314191388244e-01
4.675631533206331403e-01 7.091580182313919067e-01
4.709028901300661429e-01 6.984982283219046684e-01
4.742426269394992566e-01 6.885924126420702729e-01
4.775823637489323148e-01 6.795626082203605201e-01
4.809221005583654285e-01 6.713278494050017864e-01
4.842618373677985422e-01 6.642418377167356169e-01
4.876015741772316003e-01 6.582081987146746194e-01
4.909413109866647140e-01 6.538248571482572213e-01
4.942810477960978277e-01 6.509517946026541768e-01
4.976207846055308859e-01 6.498016637304554477e-01
5.009605214149640551e-01 6.500658310692886133e-01
5.043002582243970577e-01 6.521469734411323715e-01
5.076399950338301714e-01 6.557833326829446419e-01
5.109797318432632851e-01 6.608944652335984049e-01
5.143194686526963988e-01 6.673455264951501098e-01
5.176592054621295125e-01 6.750414479395439038e-01
5.209989422715626262e-01 6.835719009416293401e-01
5.243386790809956288e-01 6.929205608578909992e-01
5.276784158904287425e-01 7.030742391296055382e-01
5.310181526998618562e-01 7.136600425100734224e-01
5.343578895092949699e-01 7.248743453569579387e-01
5.376976263187280836e-01 7.365153395611306886e-01
5.410373631281611972e-01 7.481011429003306956e-01
5.443770999375941999e-01 7.601590204883266200e-01
5.477168367470273136e-01 7.720958010146492523e-01
5.510565735564604273e-01 7.844304452955195295e-01
5.543963103658935410e-01 7.965360177414757548e-01
5.577360471753266546e-01 8.084914847812821881e-01
5.610757839847597683e-01 8.205265423347209985e-01
5.644155207941928820e-01 8.325754025708074213e-01
5.677552576036258847e-01 8.444283386426312266e-01
5.710949944130589984e-01 8.556043650792992672e-01
5.744347312224920010e-01 8.667916650311988658e-01
5.777744680319251147e-01 8.776724976042042936e-01
5.811142048413582284e-01 8.884747451857516465e-01
5.844539416507913421e-01 8.989781764420595733e-01
5.877936784602244558e-01 9.085857631831333325e-01
5.911334152696574584e-01 9.181262744324547587e-01
5.944731520790905721e-01 9.276786112579805677e-01
5.978128888885236858e-01 9.364360195022445321e-01
6.011526256979567995e-01 9.448047499907644697e-01
6.044923625073899132e-01 9.527624040319208065e-01
6.078320993168230268e-01 9.600256906266797507e-01
6.111718361262561405e-01 9.667717607124991508e-01
6.145115729356891432e-01 9.731028575812821213e-01
6.178513097451222569e-01 9.784067603674801994e-01
6.211910465545553706e-01 9.829738986279282775e-01
6.245307833639884842e-01 9.871478070560683049e-01
6.278705201734215979e-01 9.904099397170238461e-01
6.312102569828547116e-01 9.923510676936099228e-01
6.345499937922877143e-01 9.929029248856209300e-01
6.378897306017208280e-01 9.934156191976446504e-01
6.412294674111539416e-01 9.937294359718050751e-01
6.445692042205870553e-01 9.941096622010935357e-01
6.479089410300201690e-01 9.944261073001793294e-01
6.512486778394532827e-01 9.948908032569210302e-01
6.545884146488863964e-01 9.953761284167950141e-01
6.579281514583193990e-01 9.956697199879021021e-01
6.612678882677525127e-01 9.958567857742309792e-01
6.646076250771856264e-01 9.963326119540030223e-01
6.679473618866187401e-01 9.967407307081055379e-01
6.712870986960518538e-01 9.969515935234402049e-01
6.746268355054849675e-01 9.976375683219032009e-01
6.779665723149179701e-01 9.980025685351827658e-01
6.813063091243509728e-01 9.985441743281849858e-01
6.846460459337840865e-01 9.989895374878593470e-01
6.879857827432172002e-01 9.993993551834770006e-01
6.913255195526503138e-01 9.998882175546831563e-01
6.946652563620834275e-01 1.000326727043118424e+00
6.980049931715165412e-01 1.000664479899824766e+00
7.013447299809496549e-01 1.001086466145097109e+00
7.046844667903826576e-01 1.001582954394615310e+00
7.080242035998157712e-01 1.001845051844914680e+00
7.113639404092488849e-01 1.002214320918970003e+00
7.147036772186819986e-01 1.002538499079252521e+00
7.180434140281151123e-01 1.003036571873558991e+00
7.213831508375482260e-01 1.003596571498903689e+00
7.247228876469812286e-01 1.004047928130732181e+00
7.280626244564143423e-01 1.004483673079260564e+00
7.314023612658474560e-01 1.005117091693376263e+00
7.347420980752805697e-01 1.005559416378245530e+00
7.380818348847136834e-01 1.005846124469188307e+00
7.414215716941467971e-01 1.006388896390011389e+00
7.447613085035799108e-01 1.006715286908478557e+00
7.481010453130129134e-01 1.007163661613798888e+00
7.514407821224460271e-01 1.007487967862921163e+00
7.547805189318791408e-01 1.007920155237461035e+00
7.581202557413122545e-01 1.008499048067175830e+00
7.614599925507453682e-01 1.009044830615703825e+00
7.647997293601784818e-01 1.009260452094198346e+00
7.681394661696114845e-01 1.009437132689912531e+00
7.714792029790445982e-01 1.009900842976366286e+00
7.748189397884777119e-01 1.010196158598209326e+00
7.781586765979108256e-01 1.010377338220333154e+00
7.814984134073439392e-01 1.010971800006669197e+00
7.848381502167769419e-01 1.011390193648960212e+00
7.881778870262100556e-01 1.012003599014957400e+00
7.915176238356430582e-01 1.012293976286183339e+00
7.948573606450761719e-01 1.012787508553472104e+00
7.981970974545092856e-01 1.012906372037708280e+00
8.015368342639423993e-01 1.013220757246017456e+00
8.048765710733755130e-01 1.013411883874373087e+00
8.082163078828086267e-01 1.013778101216565419e+00
8.115560446922417404e-01 1.014066214055086679e+00
8.148957815016747430e-01 1.014458740706992268e+00
8.182355183111078567e-01 1.014583043754100800e+00
8.215752551205409704e-01 1.015231374090751704e+00
8.249149919299740841e-01 1.015761411395566194e+00
8.282547287394071978e-01 1.016027214198276907e+00
8.315944655488403114e-01 1.016129725745746004e+00
8.349342023582733141e-01 1.016569370622033563e+00
8.382739391677064278e-01 1.016710209846496626e+00
8.416136759771395415e-01 1.016785895002299434e+00
8.449534127865726552e-01 1.017070955243603914e+00
8.482931495960057688e-01 1.017070870650442105e+00
8.516328864054388825e-01 1.017168542471798887e+00
8.549726232148719962e-01 1.017286615413531825e+00
8.583123600243049989e-01 1.017363206760303340e+00
8.616520968337381126e-01 1.017472323063200568e+00
8.649918336431712262e-01 1.017921856316653217e+00
8.683315704526043399e-01 1.017941931161013613e+00
8.716713072620374536e-01 1.018347596038471581e+00
8.750110440714705673e-01 1.018436568415063137e+00
8.783507808809035700e-01 1.018742938299436851e+00
8.816905176903366836e-01 1.018589287996292114e+00
8.850302544997697973e-01 1.018419717658649803e+00
8.883699913092029110e-01 1.018535897006159319e+00
8.917097281186360247e-01 1.018585921370464886e+00
8.950494649280691384e-01 1.018637342495961162e+00
8.983892017375022521e-01 1.018914927329335862e+00
9.017289385469352547e-01 1.019104466394141761e+00
9.050686753563683684e-01 1.019185518134724022e+00
9.084084121658014821e-01 1.019215244430679457e+00
9.117481489752345958e-01 1.019165274287973100e+00
9.150878857846677095e-01 1.018986888981740391e+00
9.184276225941008232e-01 1.018995531892354478e+00
9.217673594035338258e-01 1.018577294690268475e+00
9.251070962129669395e-01 1.018570253440925777e+00
9.284468330224000532e-01 1.018625650319967102e+00
9.317865698318331669e-01 1.018587398741926497e+00
9.351263066412662806e-01 1.018556762386012782e+00
9.384660434506993942e-01 1.018461799199602336e+00
9.418057802601322859e-01 1.018264697657691009e+00
9.451455170695653996e-01 1.018243161407677011e+00
9.484852538789985132e-01 1.017950781908902202e+00
9.518249906884315159e-01 1.017656753548478621e+00
9.551647274978646296e-01 1.017295166454484034e+00
9.585044643072977433e-01 1.016849240022046130e+00
9.618442011167308570e-01 1.016661825003447372e+00
9.651839379261639706e-01 1.016744022922856372e+00
9.685236747355970843e-01 1.016566615189071321e+00
9.718634115450300870e-01 1.016541913151741028e+00
9.752031483544632007e-01 1.016428538731166231e+00
9.785428851638963144e-01 1.016426224793706590e+00
9.818826219733294280e-01 1.016294698630060500e+00
9.852223587827625417e-01 1.015821971064028606e+00
9.885620955921956554e-01 1.015264999759089903e+00
9.919018324016287691e-01 1.014757118783555567e+00
9.952415692110617718e-01 1.014597343968915544e+00
9.985813060204948854e-01 1.014037309494693728e+00
1.001921042829928110e+00 1.013841128982273965e+00
1.005260779639361113e+00 1.013550502913338702e+00
1.008600516448794115e+00 1.013339885643550264e+00
1.011940253258227340e+00 1.013124311608927686e+00
1.015279990067660343e+00 1.012859981671898835e+00
1.018619726877093568e+00 1.012692696457609065e+00
1.021959463686526570e+00 1.012188186516632893e+00
1.025299200495959573e+00 1.011826195848097409e+00
1.028638937305392798e+00 1.011484605333079489e+00
1.031978674114825800e+00 1.010772217597280198e+00
1.035318410924259025e+00 1.010463917696917457e+00
1.038658147733692028e+00 1.009809994697570712e+00
1.041997884543125252e+00 1.009436809590884554e+00
1.045337621352558255e+00 1.009119475526469190e+00
1.048677358161991258e+00 1.008837803133896482e+00
1.052017094971424482e+00 1.008309813482420880e+00
1.055356831780857485e+00 1.007956353100863289e+00
1.058696568590290710e+00 1.007684610106728273e+00
1.062036305399723712e+00 1.007202944585255278e+00
1.065376042209156937e+00 1.006570625518049544e+00
1.068715779018589940e+00 1.006104167483069745e+00
1.072055515828022942e+00 1.005641042649209060e+00
1.075395252637456167e+00 1.005105114734924587e+00
1.078734989446889170e+00 1.004494980373213719e+00
1.082074726256322394e+00 1.004169862882225983e+00
1.085414463065755397e+00 1.003717626000309782e+00
1.088754199875188400e+00 1.003200714567066276e+00
1.092093936684621625e+00 1.002707955056587164e+00
1.095433673494054627e+00 1.002533171783413835e+00
1.098773410303487852e+00 1.002175378480127943e+00
1.102113147112920855e+00 1.001691425168836469e+00
1.105452883922354079e+00 1.001138307154178619e+00
1.108792620731787082e+00 1.000534138320821498e+00
1.112132357541220085e+00 9.998089719031538758e-01
1.115472094350653309e+00 9.992426059075764089e-01
1.118811831160086312e+00 9.987904674240520864e-01
1.122151567969519537e+00 9.985983345592230886e-01
1.125491304778952539e+00 9.982354350711988289e-01
1.128831041588385764e+00 9.980015914355006013e-01
1.132170778397818767e+00 9.976532676003195821e-01
1.135510515207251769e+00 9.970241167715617747e-01
1.138850252016684994e+00 9.966854128454413209e-01
1.142189988826117997e+00 9.959940183580967554e-01
1.145529725635551221e+00 9.954004154673644633e-01
1.148869462444984002e+00 9.948386398228732386e-01
1.152209199254417227e+00 9.944018439522811503e-01
1.155548936063850229e+00 9.938331172529575319e-01
1.158888672873283454e+00 9.933965929916926951e-01
1.162228409682716457e+00 9.930379514221672199e-01
1.165568146492149459e+00 9.928028616336507239e-01
1.168907883301582684e+00 9.923401496627114460e-01
1.172247620111015687e+00 9.920916510255712861e-01
1.175587356920448912e+00 9.917334192389741787e-01
1.178927093729881914e+00 9.911244744604283952e-01
1.182266830539314917e+00 9.904961829835717824e-01
1.185606567348748142e+00 9.899689818287754628e-01
1.188946304158181144e+00 9.895331843479259204e-01
1.192286040967614369e+00 9.893806367307096394e-01
1.195625777777047372e+00 9.890177769398470486e-01
1.198965514586480596e+00 9.887069988029973944e-01
1.202305251395913599e+00 9.877292173249381246e-01
1.205644988205346602e+00 9.847751319955247995e-01
1.208984725014779826e+00 9.806117865172299108e-01
1.212324461824212829e+00 9.755143109742585583e-01
1.215664198633646054e+00 9.697261425581845673e-01
1.219003935443079056e+00 9.629578499921730428e-01
1.222343672252512281e+00 9.557553053995885284e-01
1.225683409061945284e+00 9.478568551696349154e-01
1.229023145871378286e+00 9.390569638322900925e-01
1.232362882680811511e+00 9.299089549868194693e-01
1.235702619490244514e+00 9.197050853892489997e-01
1.239042356299677738e+00 9.095903902410347186e-01
1.242382093109110741e+00 8.990871071815490501e-01
1.245721829918543966e+00 8.876329264857552026e-01
1.249061566727976968e+00 8.756709673574992747e-01
1.252401303537409971e+00 8.635308823070010353e-01
1.255741040346843196e+00 8.510390460491180642e-01
1.259080777156276199e+00 8.383635580539703369e-01
1.262420513965709423e+00 8.250048133459958466e-01
1.265760250775142426e+00 8.116569116308882670e-01
1.269099987584575429e+00 7.982013373199953188e-01
1.272439724394008653e+00 7.845567751813817825e-01
1.275779461203441656e+00 7.711996409026059540e-01
1.279119198012874881e+00 7.574321973536696229e-01
1.282458934822307883e+00 7.434334359385750268e-01
1.285798671631741108e+00 7.297880222212593804e-01
1.289138408441174111e+00 7.163321949186779447e-01
1.292478145250607113e+00 7.027014339608805837e-01
1.295817882060040338e+00 6.891963154346019138e-01
1.299157618869473341e+00 6.764138190595953004e-01
1.302497355678906565e+00 6.638556171547282947e-01
1.305837092488339568e+00 6.521029078632319953e-01
1.309176829297772793e+00 6.411843164400621298e-01
1.312516566107205795e+00 6.306162879132387600e-01
1.315856302916638798e+00 6.216277772629702492e-01
1.319196039726072023e+00 6.138136657801541718e-01
1.322535776535505025e+00 6.074918552276191708e-01
1.325875513344938250e+00 6.026096139942203056e-01
1.329215250154371253e+00 5.993654464816188243e-01
1.332554986963804255e+00 5.978517086706428563e-01
1.335894723773237480e+00 5.981076727403658033e-01
1.339234460582670483e+00 6.002511983772493842e-01
1.342574197392103708e+00 6.041947935534789371e-01
1.345913934201536710e+00 6.100410017100247329e-01
1.349253671010969935e+00 6.172718908808646487e-01
1.352593407820402938e+00 6.257210046321421970e-01
1.355933144629835940e+00 6.353340822237508734e-01
1.359272881439268943e+00 6.460940658518697921e-01
1.362612618248701946e+00 6.576012842081211396e-01
1.365952355058135170e+00 6.695452835581717776e-01
1.369292091867568173e+00 6.820923573261982176e-01
1.372631828677001398e+00 6.950110246737798425e-01
1.375971565486434400e+00 7.085301705769130320e-01
1.379311302295867625e+00 7.220472474710657451e-01
1.382651039105300628e+00 7.354583909752172577e-01
1.385990775914733630e+00 7.491231141863642362e-01
1.389330512724166855e+00 7.631373765232326578e-01
1.392670249533599858e+00 7.771822869777679221e-01
1.396009986343033082e+00 7.910138769684550430e-01
1.399349723152466085e+00 8.044646219262536757e-01
1.402689459961899310e+00 8.178940125561635632e-01
1.406029196771332312e+00 8.311553131450306608e-01
1.409368933580765315e+00 8.440751151906119576e-01
1.412708670390198540e+00 8.564744943664187593e-01
1.416048407199631542e+00 8.686476542993828431e-01
1.419388144009064767e+00 8.806182091389227473e-01
1.422727880818497770e+00 8.922852787104520456e-01
1.426067617627930773e+00 9.035284016971234511e-01
1.429407354437363997e+00 9.141835518754445333e-01
1.432747091246797000e+00 9.242829565608173814e-01
1.436086828056230225e+00 9.339240894273475035e-01
1.439426564865663227e+00 9.429231280580573360e-01
1.442766301675096452e+00 9.515234351158141646e-01
1.446106038484529455e+00 9.591518333814677000e-01
1.449445775293962457e+00 9.660546538921502835e-01
1.452785512103395682e+00 9.725022371684279854e-01
1.456125248912828685e+00 9.779026467823287438e-01
1.459464985722261909e+00 9.827493500930292170e-01
1.462804722531694912e+00 9.861390143632888794e-01
1.466144459341128137e+00 9.883377725427801019e-01
1.469484196150561139e+00 9.886212528876539007e-01
1.472823932959994142e+00 9.891716225124965733e-01
1.476163669769427367e+00 9.894235391135609570e-01
1.479503406578860369e+00 9.898140964053926405e-01
1.482843143388293594e+00 9.901749633867805711e-01
1.486182880197726597e+00 9.907794065564592412e-01
1.489522617007159822e+00 9.910264442551810493e-01
1.492862353816592824e+00 9.914273476159131127e-01
1.496202090626025827e+00 9.919835817246209775e-01
1.499541827435459052e+00 9.923628054627584572e-01
1.502881564244892054e+00 9.928173456873212732e-01
1.506221301054325279e+00 9.933175995664776936e-01
1.509561037863758282e+00 9.938628311469176468e-01
1.512900774673191284e+00 9.943763504334546255e-01
1.516240511482624509e+00 9.948238429673220695e-01
1.519580248292057512e+00 9.953152278684219700e-01
1.522919985101490736e+00 9.956913997079724910e-01
1.526259721910923739e+00 9.961063293653114048e-01
1.529599458720356964e+00 9.965231841260736578e-01
1.532939195529789966e+00 9.970896708855935264e-01
1.536278932339222969e+00 9.974871840117112143e-01
1.539618669148656194e+00 9.977524770754520045e-01
1.542958405958089196e+00 9.983085758156247103e-01
1.546298142767522421e+00 9.986130858326817128e-01
1.549637879576955424e+00 9.991447340662233945e-01
1.552977616386388648e+00 9.995405222767981268e-01
1.556317353195821651e+00 9.999532909305007822e-01
1.559657090005254654e+00 1.000494175425199694e+00
1.562996826814687878e+00 1.001048179106278857e+00
1.566336563624120659e+00 1.001495364639494179e+00
1.569676300433553884e+00 1.002041194301385163e+00
1.573016037242986886e+00 1.002654365990140128e+00
1.576355774052420111e+00 1.003210690286424400e+00
1.579695510861853114e+00 1.003520254113457355e+00
1.583035247671286116e+00 1.003866140489225067e+00
1.586374984480719341e+00 1.004347132501147932e+00
1.589714721290152344e+00 1.004867875465640381e+00
1.593054458099585569e+00 1.005504361533243740e+00
1.596394194909018571e+00 1.005908326010837683e+00
1.599733931718451796e+00 1.006453009115324981e+00
1.603073668527884799e+00 1.007013416515206483e+00
1.606413405337317801e+00 1.007371810105469834e+00
1.609753142146751026e+00 1.007672070353119453e+00
1.613092878956184029e+00 1.008168633254069135e+00
1.616432615765617253e+00 1.008720264119921994e+00
1.619772352575050256e+00 1.008969695227486696e+00
1.623112089384483481e+00 1.009343955004326610e+00
1.626451826193916483e+00 1.009643109945150607e+00
1.629791563003349486e+00 1.010275683313045958e+00
1.633131299812782711e+00 1.010349090894063329e+00
1.636471036622215713e+00 1.010785239083426434e+00
1.639810773431648938e+00 1.010968256219525241e+00
1.643150510241081941e+00 1.011380115759025422e+00
1.646490247050515165e+00 1.011519697734287737e+00
1.649829983859948168e+00 1.011998605728149370e+00
1.653169720669381171e+00 1.012641030266171471e+00
1.656509457478814396e+00 1.013144800596148087e+00
1.659849194288247398e+00 1.013693993634516621e+00
1.663188931097680623e+00 1.014022395891301720e+00
1.666528667907113626e+00 1.014493101835250766e+00
1.669868404716546628e+00 1.014308305347666916e+00
